4
28
28
000 000 000 000 000 000 000 000 000 000 000 000 000 000 000 000 000 000 000 000 000 000 000 000 000 000 000 000 
000 000 000 000 000 000 000 000 000 000 000 000 000 000 000 000 000 000 000 000 000 000 000 000 000 000 000 000 
000 000 000 000 000 000 000 000 000 000 000 000 000 000 000 000 000 000 000 000 000 000 000 000 000 000 000 000 
000 000 000 000 000 000 000 000 000 000 000 000 000 000 000 000 000 000 000 000 000 000 000 000 000 000 000 000 
000 000 000 000 000 000 000 000 000 000 000 000 000 000 000 000 000 000 000 000 000 000 000 000 000 000 000 000 
000 000 000 000 000 000 000 000 000 000 000 000 000 000 000 051 000 000 000 000 000 000 000 000 000 000 000 000 
000 000 000 000 000 000 000 000 051 000 000 000 000 000 051 154 051 000 000 000 000 000 000 000 000 000 000 000 
000 000 000 000 000 000 000 051 154 051 000 000 000 000 051 205 051 000 000 000 000 000 000 000 000 000 000 000 
000 000 000 000 000 000 000 051 205 051 000 000 000 000 051 205 051 000 000 000 000 000 000 000 000 000 000 000 
000 000 000 000 000 000 000 051 205 051 000 000 000 000 051 205 051 000 000 000 000 000 000 000 000 000 000 000 
000 000 000 000 000 000 000 051 205 051 000 000 000 000 051 205 051 000 000 000 000 000 000 000 000 000 000 000 
000 000 000 000 000 000 000 051 205 051 000 000 000 000 051 205 051 000 000 000 000 000 000 000 000 000 000 000 
000 000 000 000 000 000 000 051 205 102 051 051 051 051 102 256 102 051 051 000 000 000 000 000 000 000 000 000 
000 000 000 000 000 000 000 051 205 205 205 205 205 205 256 256 256 205 154 051 000 000 000 000 000 000 000 000 
000 000 000 000 000 000 000 000 051 051 051 051 051 051 102 256 102 051 051 000 000 000 000 000 000 000 000 000 
000 000 000 000 000 000 000 000 000 000 000 000 000 000 051 205 051 000 000 000 000 000 000 000 000 000 000 000 
000 000 000 000 000 000 000 000 000 000 000 000 000 000 051 205 051 000 000 000 000 000 000 000 000 000 000 000 
000 000 000 000 000 000 000 000 000 000 000 000 000 000 051 205 051 000 000 000 000 000 000 000 000 000 000 000 
000 000 000 000 000 000 000 000 000 000 000 000 000 000 051 205 051 000 000 000 000 000 000 000 000 000 000 000 
000 000 000 000 000 000 000 000 000 000 000 000 000 000 051 154 051 000 000 000 000 000 000 000 000 000 000 000 
000 000 000 000 000 000 000 000 000 000 000 000 000 000 000 051 000 000 000 000 000 000 000 000 000 000 000 000 
000 000 000 000 000 000 000 000 000 000 000 000 000 000 000 000 000 000 000 000 000 000 000 000 000 000 000 000 
000 000 000 000 000 000 000 000 000 000 000 000 000 000 000 000 000 000 000 000 000 000 000 000 000 000 000 000 
000 000 000 000 000 000 000 000 000 000 000 000 000 000 000 000 000 000 000 000 000 000 000 000 000 000 000 000 
000 000 000 000 000 000 000 000 000 000 000 000 000 000 000 000 000 000 000 000 000 000 000 000 000 000 000 000 
000 000 000 000 000 000 000 000 000 000 000 000 000 000 000 000 000 000 000 000 000 000 000 000 000 000 000 000 
000 000 000 000 000 000 000 000 000 000 000 000 000 000 000 000 000 000 000 000 000 000 000 000 000 000 000 000 
000 000 000 000 000 000 000 000 000 000 000 000 000 000 000 000 000 000 000 000 000 000 000 000 000 000 000 000 
