4
28
28
000 000 000 000 000 000 000 000 000 000 000 000 000 000 000 000 000 000 000 000 000 000 000 000 000 000 000 000 
000 000 000 000 000 000 000 000 000 000 000 000 000 000 000 000 000 000 000 000 000 000 000 000 000 000 000 000 
000 000 000 000 000 000 000 000 000 000 000 000 000 000 000 000 000 000 000 000 000 000 000 000 000 000 000 000 
000 000 000 000 000 000 000 000 000 000 000 000 000 000 000 000 000 000 000 000 000 000 000 000 000 000 000 000 
000 000 000 000 000 000 000 000 000 000 000 000 000 000 000 000 000 051 000 000 000 000 000 000 000 000 000 000 
000 000 000 000 000 000 000 000 000 000 000 000 000 000 000 000 051 154 051 000 000 000 000 000 000 000 000 000 
000 000 000 000 000 000 000 000 000 051 000 000 000 000 000 000 051 205 051 000 000 000 000 000 000 000 000 000 
000 000 000 000 000 000 000 000 051 154 051 000 000 000 000 000 051 205 051 000 000 000 000 000 000 000 000 000 
000 000 000 000 000 000 000 000 051 205 051 000 000 000 000 000 051 205 051 000 000 000 000 000 000 000 000 000 
000 000 000 000 000 000 000 000 051 205 051 000 000 000 000 000 051 154 051 000 000 000 000 000 000 000 000 000 
000 000 000 000 000 000 000 000 051 205 051 000 000 000 000 000 000 102 000 000 000 000 000 000 000 000 000 000 
000 000 000 000 000 000 000 000 051 205 051 000 000 000 000 000 051 154 051 000 000 000 000 000 000 000 000 000 
000 000 000 000 000 000 000 000 051 205 051 000 000 000 000 000 051 154 051 000 000 000 000 000 000 000 000 000 
000 000 000 000 000 000 000 000 051 205 051 000 000 000 000 000 000 102 000 000 000 000 000 000 000 000 000 000 
000 000 000 000 000 000 000 000 051 205 051 000 000 000 000 000 051 154 051 000 000 000 000 000 000 000 000 000 
000 000 000 000 000 000 000 000 051 205 102 051 051 051 051 051 102 256 051 000 000 000 000 000 000 000 000 000 
000 000 000 000 000 000 000 000 051 256 256 205 205 205 205 205 256 256 154 000 000 000 000 000 000 000 000 000 
000 000 000 000 000 000 000 000 051 205 205 102 051 051 051 051 102 256 205 051 000 000 000 000 000 000 000 000 
000 000 000 000 000 000 000 000 000 051 051 000 000 000 000 000 051 256 205 051 000 000 000 000 000 000 000 000 
000 000 000 000 000 000 000 000 000 000 000 000 000 000 000 000 102 256 154 000 000 000 000 000 000 000 000 000 
000 000 000 000 000 000 000 000 000 000 000 000 000 000 000 000 102 256 102 000 000 000 000 000 000 000 000 000 
000 000 000 000 000 000 000 000 000 000 000 000 000 000 000 000 102 256 102 000 000 000 000 000 000 000 000 000 
000 000 000 000 000 000 000 000 000 000 000 000 000 000 000 000 205 256 102 000 000 000 000 000 000 000 000 000 
000 000 000 000 000 000 000 000 000 000 000 000 000 000 000 102 256 205 000 000 000 000 000 000 000 000 000 000 
000 000 000 000 000 000 000 000 000 000 000 000 000 000 000 051 205 051 000 000 000 000 000 000 000 000 000 000 
000 000 000 000 000 000 000 000 000 000 000 000 000 000 000 000 051 000 000 000 000 000 000 000 000 000 000 000 
000 000 000 000 000 000 000 000 000 000 000 000 000 000 000 000 000 000 000 000 000 000 000 000 000 000 000 000 
000 000 000 000 000 000 000 000 000 000 000 000 000 000 000 000 000 000 000 000 000 000 000 000 000 000 000 000 
