2
28
28
000 000 000 000 000 000 000 000 000 000 000 000 000 000 000 000 000 000 000 000 000 000 000 000 000 000 000 000 
000 000 000 000 000 000 000 000 000 000 000 000 000 000 000 000 000 000 000 000 000 000 000 000 000 000 000 000 
000 000 000 000 000 000 000 000 000 000 000 000 000 000 000 000 000 000 000 000 000 000 000 000 000 000 000 000 
000 000 000 000 000 000 000 000 000 000 000 000 000 000 000 000 000 000 000 000 000 000 000 000 000 000 000 000 
000 000 000 000 000 000 000 000 000 000 051 051 051 051 000 000 000 000 000 000 000 000 000 000 000 000 000 000 
000 000 000 000 000 000 000 000 000 102 205 205 205 205 102 000 000 000 000 000 000 000 000 000 000 000 000 000 
000 000 000 000 000 000 000 000 102 205 205 102 102 205 205 102 000 000 000 000 000 000 000 000 000 000 000 000 
000 000 000 000 000 000 000 051 154 205 102 000 000 102 205 205 051 000 000 000 000 000 000 000 000 000 000 000 
000 000 000 000 000 000 000 000 051 051 000 000 000 000 102 154 102 000 000 000 000 000 000 000 000 000 000 000 
000 000 000 000 000 000 000 000 000 000 000 000 000 000 000 102 154 051 000 000 000 000 000 000 000 000 000 000 
000 000 000 000 000 000 000 000 000 000 000 000 000 000 000 051 154 102 000 000 000 000 000 000 000 000 000 000 
000 000 000 000 000 000 000 000 000 000 000 000 000 000 000 000 102 154 051 000 000 000 000 000 000 000 000 000 
000 000 000 000 000 000 000 000 000 000 000 000 000 000 000 000 051 205 051 000 000 000 000 000 000 000 000 000 
000 000 000 000 000 000 000 000 000 000 000 000 000 000 000 000 051 205 051 000 000 000 000 000 000 000 000 000 
000 000 000 000 000 000 000 000 000 000 000 000 000 000 000 000 051 205 051 000 000 000 000 000 000 000 000 000 
000 000 000 000 000 000 000 000 000 000 000 000 000 000 000 000 102 154 051 000 000 000 000 000 000 000 000 000 
000 000 000 000 000 000 000 000 000 000 000 000 000 000 000 051 154 102 000 000 000 000 000 000 000 000 000 000 
000 000 000 000 000 000 000 000 000 000 000 000 000 000 000 102 154 051 000 000 000 000 000 000 000 000 000 000 
000 000 000 000 000 000 000 000 000 000 000 000 000 000 102 154 102 000 000 000 000 000 000 000 000 000 000 000 
000 000 000 000 000 000 000 000 000 000 000 000 000 102 205 205 051 000 000 000 000 000 000 000 000 000 000 000 
000 000 000 000 000 000 000 000 051 051 051 051 154 205 256 154 051 000 000 000 000 000 000 000 000 000 000 000 
000 000 000 000 000 000 000 102 256 256 256 256 256 256 256 205 154 102 051 051 051 051 000 000 000 000 000 000 
000 000 000 000 000 000 051 205 256 256 256 205 154 051 051 051 102 154 205 205 205 154 051 000 000 000 000 000 
000 000 000 000 000 000 000 051 102 051 051 051 000 000 000 000 000 051 051 051 051 051 000 000 000 000 000 000 
000 000 000 000 000 000 000 000 000 000 000 000 000 000 000 000 000 000 000 000 000 000 000 000 000 000 000 000 
000 000 000 000 000 000 000 000 000 000 000 000 000 000 000 000 000 000 000 000 000 000 000 000 000 000 000 000 
000 000 000 000 000 000 000 000 000 000 000 000 000 000 000 000 000 000 000 000 000 000 000 000 000 000 000 000 
000 000 000 000 000 000 000 000 000 000 000 000 000 000 000 000 000 000 000 000 000 000 000 000 000 000 000 000 
