9
28
28
000 000 000 000 000 000 000 000 000 000 000 000 000 000 000 000 000 000 000 000 000 000 000 000 000 000 000 000 
000 000 000 000 000 000 000 000 000 000 000 000 000 000 000 000 000 000 000 000 000 000 000 000 000 000 000 000 
000 000 000 000 000 000 000 000 000 000 000 000 000 000 000 000 000 000 000 000 000 000 000 000 000 000 000 000 
000 000 000 000 000 000 000 000 000 000 000 000 000 000 000 000 000 000 000 000 000 000 000 000 000 000 000 000 
000 000 000 000 000 000 000 000 000 000 000 000 000 051 051 051 051 051 000 000 000 000 000 000 000 000 000 000 
000 000 000 000 000 000 000 000 000 000 000 000 102 205 205 205 205 154 102 000 000 000 000 000 000 000 000 000 
000 000 000 000 000 000 000 000 000 000 000 051 205 205 102 051 051 102 102 102 000 000 000 000 000 000 000 000 
000 000 000 000 000 000 000 000 000 000 000 102 205 102 000 000 000 000 102 154 051 000 000 000 000 000 000 000 
000 000 000 000 000 000 000 000 000 000 051 205 205 051 000 000 000 000 051 205 051 000 000 000 000 000 000 000 
000 000 000 000 000 000 000 000 000 000 051 205 102 000 000 000 000 000 102 154 051 000 000 000 000 000 000 000 
000 000 000 000 000 000 000 000 000 000 051 205 051 000 000 000 000 051 154 102 000 000 000 000 000 000 000 000 
000 000 000 000 000 000 000 000 000 000 051 154 102 000 000 000 000 051 256 051 000 000 000 000 000 000 000 000 
000 000 000 000 000 000 000 000 000 000 000 102 102 102 000 000 000 154 256 102 000 000 000 000 000 000 000 000 
000 000 000 000 000 000 000 000 000 000 000 000 102 102 102 051 102 256 256 102 000 000 000 000 000 000 000 000 
000 000 000 000 000 000 000 000 000 000 000 000 000 102 154 205 205 256 256 051 000 000 000 000 000 000 000 000 
000 000 000 000 000 000 000 000 000 000 000 000 000 000 051 051 051 102 205 051 000 000 000 000 000 000 000 000 
000 000 000 000 000 000 000 000 000 000 000 000 000 000 000 000 000 051 205 051 000 000 000 000 000 000 000 000 
000 000 000 000 000 000 000 051 000 000 000 000 000 000 000 000 000 051 205 051 000 000 000 000 000 000 000 000 
000 000 000 000 000 000 051 154 102 000 000 000 000 000 000 000 000 102 205 051 000 000 000 000 000 000 000 000 
000 000 000 000 000 000 051 205 205 102 051 000 000 000 000 000 051 205 205 051 000 000 000 000 000 000 000 000 
000 000 000 000 000 000 000 102 205 205 205 102 051 000 051 051 102 205 102 000 000 000 000 000 000 000 000 000 
000 000 000 000 000 000 000 000 051 102 205 205 154 154 205 205 205 205 051 000 000 000 000 000 000 000 000 000 
000 000 000 000 000 000 000 000 000 000 051 051 102 154 205 102 051 051 000 000 000 000 000 000 000 000 000 000 
000 000 000 000 000 000 000 000 000 000 000 000 000 051 051 000 000 000 000 000 000 000 000 000 000 000 000 000 
000 000 000 000 000 000 000 000 000 000 000 000 000 000 000 000 000 000 000 000 000 000 000 000 000 000 000 000 
000 000 000 000 000 000 000 000 000 000 000 000 000 000 000 000 000 000 000 000 000 000 000 000 000 000 000 000 
000 000 000 000 000 000 000 000 000 000 000 000 000 000 000 000 000 000 000 000 000 000 000 000 000 000 000 000 
000 000 000 000 000 000 000 000 000 000 000 000 000 000 000 000 000 000 000 000 000 000 000 000 000 000 000 000 
